tree
version=v4
num_class=1
num_tree_per_iteration=1
label_index=0
max_feature_idx=31
objective=lambdarank
feature_names=Column_0 Column_1 Column_2 Column_3 Column_4 Column_5 Column_6 Column_7 Column_8 Column_9 Column_10 Column_11 Column_12 Column_13 Column_14 Column_15 Column_16 Column_17 Column_18 Column_19 Column_20 Column_21 Column_22 Column_23 Column_24 Column_25 Column_26 Column_27 Column_28 Column_29 Column_30 Column_31
feature_infos=[0.60486531257629395:0.8646235466003418] [3:7] [1:15] [7:37747] [0:111.33611606445612] [0.65018230676651001:0.89042544364929199] [0:0.75889897346496582] [0:0.85146915912628174] [0:0.84522068500518799] [0:0.79467207193374634] [0:0.83266425132751465] [0:0.78979182243347168] [0:0.81715291738510132] [0:0.80398678779602051] [0:0.77983123064041138] none none none [0:0.75901633501052856] [0:0.86071908473968506] [0:0.82397949695587158] [0:0.89042544364929199] [0:0.88227719068527222] none [0:0.86654162406921387] [0:0.86958742141723633] [8.0945239595924789:44.083102470741508] [0:2] [1:4332] [4.4247844238322633:24.521500882537232] [4.4247844238322633:24.521500882537232] [-7.6484367510925474e-11:2.3509565155731047]
tree_sizes=3443 3431 3428 3431 3431 3431 3447

Tree=0
num_leaves=31
num_cat=0
split_feature=28 26 0 22 31 0 28 5 9 5 29 5 0 0 28 21 5 0 5 5 29 3 0 2 14 3 29 28 5 3
split_gain=25.1251 3.47779 3.27833 3.0238 2.75039 2.38236 2.34715 1.96987 1.57168 1.45398 2.39858 1.02528 1.00633 2.14251 1.51156 1.00445 0.823934 0.741803 0.683122 1.05674 0.784237 0.777483 0.608055 0.528841 0.491544 0.396572 0.391995 0.325923 0.281809 0.279547
threshold=18.500000000000004 22.964755097503893 0.65416598320007335 1.0000000180025095e-35 0.11185974212673859 0.75133329629898082 47.000000000000007 0.74494665861129772 0.70501694083213817 0.79319211840629589 10.452411480814463 0.81995934247970592 0.71627867221832286 0.78879845142364513 4.5000000000000009 0.75190913677215587 0.83755841851234447 0.7223111391067506 0.77681368589401256 0.79619076848030101 14.41835277479654 372.00000000000006 0.76118054986000072 3.5000000000000004 0.73357975482940685 50.500000000000007 15.77524494317648 6.5000000000000009 0.74144569039344799 17.500000000000004
decision_type=2 2 2 2 2 2 2 2 2 2 2 2 2 2 2 2 2 2 2 2 2 2 2 2 2 2 2 2 2 2
left_child=1 2 -1 4 5 26 15 -6 23 22 11 -11 14 16 -9 18 27 -12 21 -20 -21 -2 29 24 -8 -24 28 -14 -3 -4
right_child=6 3 9 -5 7 -7 8 12 -10 10 17 -13 13 -15 -16 -17 -18 -19 19 20 -22 -23 25 -25 -26 -27 -28 -29 -30 -31
leaf_value=0.0044522658672854591 0.0039390804129777589 -0.0091161045248031869 -0.0099963132451283999 -0.0088721619339543929 0.007846166189013893 0.0022817372372583686 0.0075082758856276164 0.0078988199661939578 0.0014782110317154526 -0.0023864745979362777 -0.0025298304290060588 -0.008929975576048986 -0.0074839415008885199 0.0045347244006584356 -0.0011304736663249482 -0.001752134302664623 0.00081701784132864549 0.0031534706266580026 0.0080386322555414912 0.0053805359359422869 -0.0017895291323637669 -0.0023802547705297538 -0.00039139278490775832 0.0088265729103325901 0.0041806664696978132 -0.0059621133332476966 -0.0032534450687940605 -0.0030923089059581433 -0.0051157674953461818 -0.0068127966669147303
leaf_weight=0.91581508982926862 1.1429187357425679 1.0899440841749299 0.77354172826744427 1.1024018051102746 1.1153256827965377 1.1984174111858008 2.9651791742071492 0.9622542804572729 1.3221301734447468 0.95491715520620291 1.0636300528422 1.6044934829697011 0.95847807731479473 1.1856909086927769 0.89427200448699296 1.1015713666565714 0.72280113818123926 1.2476288373582063 1.4792266972362997 0.83849857561290242 0.69952153507620096 0.84776322450488795 0.58655634243041255 3.4951159274205565 1.7735816417261956 0.70162886241450906 0.77309259772300709 0.75547575391829014 0.73858024179935444 6.352565917186439
leaf_count=15 21 21 14 34 13 26 55 17 23 27 25 32 26 18 27 19 20 31 15 26 17 25 21 41 36 19 17 20 27 197
internal_value=0 -0.0030426 -0.00469763 -0.000998297 -0.000163211 -0.00355133 0.00499104 0.00178923 0.00653855 -0.00532839 -0.00315427 -0.00648859 0.000556252 -0.000977802 0.00354949 0.00257055 -0.00366012 0.000538043 0.00352139 0.00502137 0.00211945 0.00124789 -0.0065869 0.0073511 0.00626285 -0.00342557 -0.0062383 -0.0055482 -0.00750028 -0.00715837
internal_weight=0 25.6975 14.2008 11.4967 10.3943 3.80003 15.6655 6.5943 9.55601 13.285 4.87067 2.55941 5.47897 3.62245 1.85653 6.1095 2.43675 2.31126 5.00793 3.01725 1.53802 1.99068 8.41429 8.23388 4.73876 1.28819 2.60162 1.71395 1.82852 7.12611
internal_count=925 647 381 266 232 91 278 141 155 366 115 59 128 84 44 123 66 56 104 58 43 46 251 132 91 40 65 46 48 211
is_linear=0
shrinkage=0.005


Tree=1
num_leaves=31
num_cat=0
split_feature=28 26 28 28 0 0 29 9 31 31 2 12 14 5 1 5 26 3 0 14 22 2 3 10 26 5 0 0 28 1
split_gain=139.689 16.2402 16.2586 14.4321 7.57054 7.49984 15.8966 6.11568 10.207 6.54772 5.05638 4.67584 4.37216 4.1166 3.72986 3.00523 3.84405 2.43644 1.80253 1.67008 1.4795 1.48792 1.30824 1.07923 0.912649 0.834535 0.668353 0.647406 0.241578 0.450254
threshold=18.500000000000004 22.964755097503893 3.5000000000000004 62.500000000000007 0.65416598320007335 0.70462578535079967 12.873482968076848 0.76123142242431652 0.21267228097529992 1.1313271251860886 3.5000000000000004 0.68937054276466381 0.73357975482940685 0.77325168251991283 5.5000000000000009 0.79619076848030101 20.307172460041819 429.00000000000006 0.78105458617210399 0.73794144392013561 1.0000000180025095e-35 2.5000000000000004 797.00000000000011 1.0000000180025095e-35 15.882324174316791 0.81634300947189342 0.75612756609916698 0.73709616065025341 4.5000000000000009 4.5000000000000009
decision_type=2 2 2 2 2 2 2 2 2 2 2 2 2 2 2 2 2 2 2 2 2 2 2 2 2 2 2 2 2 2
left_child=1 4 5 7 -1 -3 -7 8 13 11 12 17 22 -2 20 18 24 -10 28 -16 21 -4 -5 27 -17 -26 -8 -23 -6 -30
right_child=3 2 14 10 15 6 26 -9 9 -11 -12 -13 -14 -15 19 16 -18 -19 -20 -21 -22 23 -24 -25 25 -27 -28 -29 29 -31
leaf_value=0.00057104514909584586 0.0020555086366135203 0.006310164478506213 -0.0084151007376539362 0.0085293119644477954 -0.0089688575714094981 0.0068471967589747501 -0.0078302719947377936 0.0079192526504834933 -0.0020763615333963003 0.0052712434801592944 0.0087089320936041877 0.00099104455855347534 0.0011201540659342766 0.0079473714603057726 -0.0045091766258678464 -0.0099035900350209882 -0.001526026394601954 -0.0080586192182038226 -0.0040034893490956307 0.00049602816614458044 -0.0096678800839130538 -0.0049490268202066652 0.0053080551949576749 -0.0072947894298051128 -0.0037955721224880576 -0.0076343799925166437 -0.004315044790051124 -0.0019725260335431449 -0.0063890985373607932 -0.0092034627902006158
leaf_weight=3.3248187825083724 5.7481286823749596 5.8013226091861716 3.3035211861133602 5.4057849422097224 17.904266033321626 3.8797760531306249 3.2062931135296822 4.5416041091084471 2.998959217220543 3.1424712724983683 21.915219657123089 4.6931206621229649 4.9322416298091403 6.1222734432667494 3.0083739235997191 2.3865313380956632 4.398362534120678 3.9356764778494835 2.2537897378206244 3.736722357571125 2.5466278009116641 3.9117465633898956 7.5597729347646236 2.6245022248476744 2.2036734819412231 3.9597213491797447 2.3383522368967533 3.4276221748441458 2.8636656515300265 2.8212158977985382
leaf_count=15 26 18 26 17 185 10 27 13 27 20 37 24 34 19 27 21 33 25 19 26 27 35 36 24 18 35 17 29 28 27
internal_value=0 -0.00453472 -0.00215485 0.00510356 -0.00666985 0.00183746 -0.000915775 0.00255627 0.00164201 -0.0011325 0.00709864 -0.00286314 0.0051269 0.00509429 -0.00484936 -0.00729048 -0.00532437 -0.00547153 -0.00827557 -0.00173634 -0.00617715 -0.00550712 0.00665111 -0.00454297 -0.00727836 -0.00626184 -0.00634779 -0.00355895 -0.00868374 -0.00778577
internal_weight=0 79.9009 37.7849 70.9953 42.116 15.2257 9.42442 31.1822 26.6406 14.7702 39.813 11.6278 17.8978 11.8704 22.5591 38.7912 12.9483 6.93464 25.8429 6.7451 15.814 13.2674 12.9656 9.96387 8.54993 6.16339 5.54465 7.33937 23.5891 5.68488
internal_count=925 647 266 278 381 72 54 154 141 96 124 76 87 45 194 366 107 52 259 53 141 114 53 88 74 53 44 64 240 55
is_linear=0
shrinkage=0.005


Tree=2
num_leaves=31
num_cat=0
split_feature=28 26 28 2 0 29 0 1 28 29 0 28 31 28 22 19 24 0 3 0 10 31 0 0 3 0 3 12 26 28
split_gain=127.914 13.5988 16.8969 11.8221 7.79319 6.28003 11.6486 6.15874 8.64839 4.59835 7.36721 3.34459 2.78688 2.5695 2.1064 1.86702 1.52693 2.25789 1.71431 1.43812 0.946053 1.54528 0.749954 0.569818 0.513078 0.383701 0.351121 0.243161 0.262012 0.242338
threshold=18.500000000000004 22.964755097503893 3.5000000000000004 3.5000000000000004 0.65112334489822399 12.837275146009764 0.70462578535079967 4.5000000000000009 80.500000000000014 11.11208405728495 0.73824134469032299 62.500000000000007 0.79766439538070444 116.50000000000001 1.0000000180025095e-35 0.73928701877594005 0.70415273308753978 0.7419150471687318 260.50000000000006 0.78713279962539684 0.7368161976337434 0.46731832573557969 0.74394652247428905 0.70410779118537914 76.500000000000014 0.73532876372337352 24.500000000000004 0.7610384225845338 21.400285343655977 7.5000000000000009
decision_type=2 2 2 2 2 2 2 2 2 2 2 2 2 2 2 2 2 2 2 2 2 2 2 2 2 2 2 2 2 2
left_child=1 4 5 7 -1 -3 -7 12 9 -9 -11 15 -2 -10 19 -5 18 23 25 20 21 22 29 -18 -23 -6 -8 28 -27 -4
right_child=3 2 14 11 16 6 26 8 13 10 -12 -13 -14 -15 -16 -17 17 -19 -20 -21 -22 24 -24 -25 -26 27 -28 -29 -30 -31
leaf_value=0.0012784487462819713 -0.0043625067036473812 0.0066876237430196521 -0.0088391983399359088 0.0028458562642494569 -0.0084951406542271065 0.004623885423736214 -0.0048930431963847025 0.00563934078166042 0.0087968765241954929 -0.0046351281910739844 0.0033421229888127746 0.0082515796023716146 0.0021133269538959158 0.0042626624170451557 -0.0095375821110587188 0.0070164813024470351 -0.0051318153948709455 -0.00082318568169253124 -0.0041711487806174678 -0.0014537741584316891 -0.0076696139322275769 -0.004428285796429684 -0.0037641923414579366 -0.00913391120874253 -0.0012420754710282115 -0.0082755624159603462 -0.0076980762527107437 -0.0056908443137260335 -0.0062264968817647417 -0.0063249465970151852
leaf_weight=2.9085395634174338 3.609981730580329 4.572829768061637 2.0407555550336896 5.6234879642724973 18.098791884258397 5.2643958330154401 2.1449653804302216 4.8402573168277803 7.8044781535863859 5.1487841606140119 6.6097526047378778 21.480987787246704 3.077853612601757 5.2105808332562447 2.5463381744921199 5.1325672045350075 1.6451459303498261 2.1603757441043854 3.1427680738270274 2.8987480234354726 3.2872063163667908 2.229662898927927 1.8216023258864877 1.9361340403556822 2.9158281646668911 5.2306433469057065 2.3248011134564877 1.9740960411727426 2.2231746390461922 1.8070136010646818
leaf_count=12 28 10 22 30 181 17 22 22 19 36 39 37 19 34 29 14 19 18 33 22 35 21 17 22 28 53 23 19 24 20
internal_value=0 -0.00459743 -0.00227447 0.00490834 -0.00659749 0.00185444 -0.000416054 0.00295146 0.00393016 0.00153753 -0.000150926 0.00711195 -0.00138222 0.0069816 -0.00529651 0.00483599 -0.00722662 -0.00486018 -0.00766965 -0.00466129 -0.00532061 -0.00460663 -0.0064072 -0.00729545 -0.00262274 -0.00806908 -0.00635199 -0.00725117 -0.00766441 -0.00765844
internal_weight=0 73.1738 33.8541 68.5387 39.3197 14.307 9.73416 36.3017 29.6139 16.5988 11.7585 32.237 6.68784 13.0151 19.5472 10.7561 36.4111 5.74166 30.6695 17.0008 14.1021 10.8149 5.66937 3.58128 5.14549 27.5267 4.46977 9.42791 7.45382 3.84777
internal_count=925 647 266 278 381 72 62 197 150 97 75 81 47 53 194 44 369 59 310 165 143 108 59 41 49 277 45 96 77 42
is_linear=0
shrinkage=0.005


Tree=3
num_leaves=31
num_cat=0
split_feature=28 4 28 31 14 26 0 31 9 3 2 28 0 5 5 28 1 12 28 26 0 5 0 31 28 22 0 3 28 5
split_gain=120.217 11.6152 10.0391 5.23782 6.01087 5.94664 8.23526 5.0521 6.37525 3.8436 3.65515 6.12626 3.0216 2.81087 2.62227 2.36026 1.77171 1.46063 1.2261 0.989956 0.803912 1.14 0.708481 0.823963 0.48779 0.455168 0.506008 0.403841 0.199328 0.304287
threshold=18.500000000000004 1.0000000180025095e-35 62.500000000000007 0.11185974212673859 0.73530837893486034 22.145618880072881 0.69987916946411144 0.21267228097529992 0.76123142242431652 367.00000000000006 3.5000000000000004 116.50000000000001 0.77776637673378002 0.77325168251991283 0.85609412193298351 36.500000000000007 5.5000000000000009 0.77481117844581615 234.00000000000003 20.307172460041819 0.7916141450405122 0.75403380393981945 0.74660465121269237 0.49760762963755595 2.5000000000000004 1.0000000180025095e-35 0.70707601308822643 650.00000000000011 1.5000000000000002 0.74534359574317943
decision_type=2 2 2 2 2 2 2 2 2 2 2 2 2 2 2 2 2 2 2 2 2 2 2 2 2 2 2 2 2 2
left_child=1 3 7 4 12 17 -7 13 9 16 11 27 24 -2 20 -11 -9 19 -13 -5 21 -8 23 -23 28 26 -26 -4 29 -1
right_child=2 -3 10 5 -6 6 14 8 -10 15 -12 18 -14 -15 -16 -17 -18 -19 -20 -21 -22 22 -24 -25 25 -27 -28 -29 -30 -31
leaf_value=-0.0067001794880967589 0.0024102893338169874 0.0017552506495881618 0.0078593421951078588 -0.0085723864917514308 -0.00013138115484205698 0.0024945231461410973 -0.0029598153769475671 -0.00084108716368111501 0.0064508383819658691 -0.0070949888552863721 0.0078795877335734905 -0.0015506748318949921 -0.0025383027886808208 0.007559546320031813 -0.00036880941269668423 -0.00065146234211476653 0.0043086419529286173 -0.0035334487437031926 0.003003562363034811 -0.005318840923516777 -0.002664242047319655 -0.0084302378466870227 -0.009146848574756861 -0.0038808707064706639 -0.0081743030394344669 -0.0096737223199720879 -0.0059311177782453376 0.00604243597830209 -0.0093636462210308635 -0.0093770173373707855
leaf_weight=2.1823927983641713 4.9904346615076083 6.5545802041888228 5.2315081320703047 6.5711946412920934 3.0402281135320655 6.4040193781256702 2.1190752238035184 3.597612429410221 3.7173131629824629 2.9911139421164989 20.789985582232475 3.0852783843874922 2.6903609856963149 5.651784485206008 3.2076026648282996 2.7077391855418682 3.1174545660614967 3.1794228106737128 2.8366167210042477 3.6292483806610107 2.0189334377646437 1.7495096549391744 2.7014218736439943 2.3086577281355858 4.8085274919867498 1.8929137475788582 5.2685077153146267 7.3623993545770645 7.3225803710520267 2.0673034563660622
leaf_count=23 26 38 14 71 21 33 19 31 13 26 37 25 25 19 25 23 16 27 21 37 17 20 27 26 50 22 59 27 85 22
internal_value=0 -0.0045801 0.00483221 -0.00523755 -0.00678678 -0.00389935 -0.00220764 0.00247085 0.000706701 -0.00101336 0.00644066 0.004825 -0.0075581 0.00514492 -0.0043425 -0.00403343 0.00154966 -0.00649248 0.000630827 -0.0074148 -0.00551212 -0.0061597 -0.00716284 -0.00584214 -0.00813176 -0.00742409 -0.00700151 0.00679718 -0.00886374 -0.00800235
internal_weight=0 69.7165 66.0792 63.1619 29.2728 33.8891 20.5092 26.7735 16.1312 12.4139 39.3058 18.5158 26.2326 10.6422 14.1052 5.69885 6.71507 13.3799 5.9219 10.2004 10.8976 8.87866 6.75959 4.05817 23.5422 11.9699 10.077 12.5939 11.5723 4.2497
internal_count=925 647 278 609 307 302 167 154 109 96 124 87 286 45 134 49 47 135 46 108 109 92 73 46 261 131 109 41 130 45
is_linear=0
shrinkage=0.005


Tree=4
num_leaves=31
num_cat=0
split_feature=28 26 28 28 0 29 0 31 9 29 26 3 2 28 5 19 28 5 0 29 1 22 26 3 8 31 0 26 28 0
split_gain=108.496 10.4814 15.3224 9.08969 6.56022 4.51704 11.2964 4.471 4.70456 3.76312 3.57501 3.13961 2.88313 3.51604 2.51798 2.2641 2.18386 1.80271 2.14076 1.87606 1.3348 1.32535 1.0167 0.969105 0.918606 1.03833 0.614663 0.449891 0.379604 0.439295
threshold=18.500000000000004 22.964755097503893 3.5000000000000004 62.500000000000007 0.65524250268936168 12.837275146009764 0.70462578535079967 0.21267228097529992 0.76123142242431652 15.541368573996289 25.981738497178579 367.00000000000006 3.5000000000000004 116.50000000000001 0.77325168251991283 0.76037472486495983 36.500000000000007 0.79619076848030101 0.78105458617210399 11.804661804258341 5.5000000000000009 1.0000000180025095e-35 16.07663469580471 89.500000000000014 0.71458604931831371 0.46731832573557969 0.74394652247428905 25.789179224132994 2.5000000000000004 0.69751381874084484
decision_type=2 2 2 2 2 2 2 2 2 2 2 2 2 2 2 2 2 2 2 2 2 2 2 2 2 2 2 2 2 2
left_child=1 4 5 7 -1 -3 -7 14 11 10 12 20 13 -5 -2 21 -13 18 28 22 -9 24 -19 -24 25 26 -4 -27 -6 -30
right_child=3 2 15 9 17 6 -8 8 -10 -11 -12 16 -14 -15 -16 -17 -18 19 -20 -21 -22 -23 23 -25 -26 27 -28 -29 29 -31
leaf_value=0.00060086791935233411 0.0023412064735327054 0.0062970516168557944 -0.0074887444418055421 0.0064146441300013428 -0.008786834949215002 0.0047006487120909478 -0.0064251238836434523 -0.00051583015661571237 0.0059820207891233268 0.0085881695838964309 0.0015015065996436838 -0.0066956369895116406 0.0076724423047123845 -4.2430420691324508e-05 0.0072454426410048381 -0.00046205002520810176 -0.00040005121109896406 -0.0087378596864096381 -0.0028326063724359745 -0.00066098344745846706 0.0040368839320776449 -0.0095186910081187376 -0.0063607572672531665 -0.0020881601816933808 -0.0079476033491255073 -0.0014310838301241251 -0.0042921436255178302 -0.0044660841605566864 -0.0089084366552021742 -0.0066432620689631074
leaf_weight=3.2212320640683165 5.0269480273127574 3.9408909454941776 3.4007801711559313 5.4918560162186676 11.10140492022038 5.2988846302032453 4.0065802820026875 3.5242508389055711 3.2580415457487097 11.694419801235197 5.2804271616041651 2.7731682509183884 12.266848772764204 3.4218570254743099 5.4600620828568935 2.1563680768012992 2.7370730303227901 2.6570399329066259 2.0764631256461135 1.8886408098042 2.9639813154935837 2.2057479918003073 4.3036743104457855 1.9189343303441999 2.7134976498782626 2.3899871148169041 2.6960232146084309 2.496494747698307 3.2667741812765581 6.2076086513698101
leaf_count=18 26 10 40 23 128 17 45 31 13 24 22 26 25 30 19 21 23 26 19 20 16 27 41 20 27 24 28 27 38 71
internal_value=0 -0.00439851 -0.00227392 0.00467716 -0.00621367 0.00181042 -8.9687e-05 0.00238132 0.000653748 0.00622617 0.00518229 -0.000793081 0.00609992 0.00393586 0.0048946 -0.00526982 -0.00356846 -0.00687049 -0.00767114 -0.00518623 0.00156396 -0.00592175 -0.00614872 -0.00504317 -0.00534249 -0.00469888 -0.0060752 -0.00298166 -0.00815944 -0.0074243
internal_weight=0 67.947 31.3053 63.8989 36.6418 13.2464 9.30546 25.7435 15.2565 38.1554 26.461 11.9985 21.1806 8.91371 10.487 18.0589 5.51024 33.4205 22.6523 10.7683 6.48823 15.9025 8.87965 6.22261 13.6968 10.9833 6.0968 4.88648 20.5758 9.47438
internal_count=925 647 266 278 381 72 62 154 109 124 100 96 78 53 45 194 49 363 256 107 47 173 87 61 146 119 68 51 237 109
is_linear=0
shrinkage=0.005


Tree=5
num_leaves=31
num_cat=0
split_feature=28 4 28 31 14 26 0 6 5 5 29 29 0 5 3 2 3 12 29 28 0 26 0 2 28 0 0 28 5 26
split_gain=102.014 9.99516 9.14198 5.14212 5.86853 5.86798 8.01622 4.6045 6.7959 7.53287 3.78702 3.10941 2.82693 2.72991 2.31105 2.22963 2.23418 1.55437 1.45949 1.14584 1.11837 0.98382 0.803811 0.951185 0.456384 0.297596 0.23399 0.225484 0.359108 0.145715
threshold=18.500000000000004 1.0000000180025095e-35 62.500000000000007 0.11185974212673859 0.73530837893486034 22.145618880072881 0.69987916946411144 0.69719117879867565 0.77325168251991283 0.79319211840629589 15.541368573996289 14.161066176117053 0.77776637673378002 0.85609412193298351 438.00000000000006 3.5000000000000004 1295.5000000000002 0.77481117844581615 14.044347443029265 36.500000000000007 0.7916141450405122 20.307172460041819 0.74660465121269237 3.5000000000000004 2.5000000000000004 0.70707601308822643 0.71867048740386974 1.5000000000000002 0.74534359574317943 16.07663469580471
decision_type=2 2 2 2 2 2 2 2 2 2 2 2 2 2 2 2 2 2 2 2 2 2 2 2 2 2 2 2 2 2
left_child=1 3 7 4 12 17 -7 8 19 -10 11 15 24 20 18 16 -4 21 -11 -2 22 29 23 -8 27 -26 -27 28 -1 -5
right_child=2 -3 10 5 -6 6 13 -9 9 14 -12 -13 -14 -15 -16 -17 -18 -19 -20 -21 -22 -23 -24 -25 25 26 -28 -29 -30 -31
leaf_value=-0.0063218445242982767 -0.0055033399325035079 0.0016348937830390378 0.0064622627117099461 -0.0096420721244441163 5.9399647587981122e-05 0.0026392799921603032 -0.0029523202933582782 0.0076315621266471083 0.0066981215451552946 0.0049261364807331089 0.0084550075771779483 0.0019044625449949632 -0.0024965688136321814 -0.00011719698531086741 -0.002874256112641554 0.0075623186479865344 0.0012197544220277437 -0.0032514601992197491 -0.00049714685585801202 -0.00085868133661899096 -0.0019767562324402152 -0.0051599136085925795 -0.0082981804236358196 -0.0072647112162020555 -0.0081448357579199798 -0.0048007439023480172 -0.0070796961628411927 -0.0092730396042478864 -0.0093120446392865944 -0.0079787387109047786
leaf_weight=2.0675794258713811 3.0033830404281678 6.3348988667130461 4.4919468760490471 1.9450880959629993 2.9759952872991553 6.4821289330720928 2.6447542421519739 3.4664182625710955 7.5566530004143742 2.4827403388917428 12.178487896919249 5.9655528664588919 2.6426722332835189 3.1830906942486754 4.0487298481166363 10.598814837634562 3.7113839462399483 3.1674172040075055 2.4794928468763828 2.380237489938736 1.897179290652274 3.4260922484099865 2.9953653700649738 2.4756345674395561 5.0882210396230203 1.5150976739823816 4.3895327411592007 6.6725812219083309 1.952032573521137 4.0756498500704765
leaf_count=23 28 38 21 22 21 33 31 15 21 19 24 27 25 25 32 23 29 27 21 18 17 37 34 27 58 18 55 85 22 49
internal_value=0 -0.00433627 0.0045843 -0.00497099 -0.00656823 -0.00362049 -0.00191401 0.00227628 0.0014306 0.00301648 0.00617214 0.00504964 -0.00737899 -0.00415067 -7.09625e-05 0.00604754 0.00409043 -0.0062826 0.00221627 -0.00344982 -0.0054329 -0.00729891 -0.00624083 -0.0050373 -0.00797399 -0.00725862 -0.00649493 -0.00870948 -0.00777397 -0.0085161
internal_weight=0 65.931 62.3638 59.5961 27.3037 32.2924 19.6782 25.4177 21.9512 16.5676 36.9462 24.7677 24.3277 13.196 9.01096 18.8021 8.20333 12.6142 4.96223 5.38362 10.0129 9.44683 8.11575 5.12039 21.685 10.9929 5.90463 10.6922 4.01961 6.02074
internal_count=925 647 278 609 307 302 167 154 139 93 124 100 286 134 72 73 50 135 40 46 109 108 92 58 261 131 73 130 45 71
is_linear=0
shrinkage=0.005


Tree=6
num_leaves=31
num_cat=0
split_feature=28 4 28 31 26 0 14 6 2 29 5 0 0 5 19 0 29 12 26 0 0 2 0 28 5 28 28 0 0 26
split_gain=96.3765 9.42875 9.12909 4.86443 5.68924 7.21018 5.51726 4.17907 5.54041 3.16794 2.92765 2.77984 2.77293 2.25118 1.94522 1.91845 1.72078 1.52462 0.986884 0.947487 0.817298 0.789376 0.334356 0.476387 0.199207 0.291268 0.170895 0.166968 0.148705 0.1442
threshold=18.500000000000004 1.0000000180025095e-35 62.500000000000007 0.11185974212673859 22.145618880072881 0.69987916946411144 0.73530837893486034 0.69719117879867565 3.5000000000000004 15.541368573996289 0.77681368589401256 0.70155790448188793 0.7916141450405122 0.85609412193298351 0.73928701877594005 0.74239069223403942 13.961042836738459 0.77481117844581615 20.307172460041819 0.7916141450405122 0.74660465121269237 3.5000000000000004 0.76276510953903209 5.5000000000000009 0.74724295735359203 1.5000000000000002 2.5000000000000004 0.70915237069129955 0.69987916946411144 16.07663469580471
decision_type=2 2 2 2 2 2 2 2 2 2 2 2 2 2 2 2 2 2 2 2 2 2 2 2 2 2 2 2 2 2
left_child=1 3 7 6 17 -6 12 8 10 11 -2 -4 22 19 -10 -13 -12 18 29 20 21 -7 23 24 25 -1 -27 -25 -28 -5
right_child=2 -3 9 4 5 13 -8 -9 14 -11 16 15 -14 -15 -16 -17 -18 -19 -20 -21 -22 -23 -24 27 -26 26 28 -29 -30 -31
leaf_value=-0.0065743863584122953 -0.0047286985932452844 0.0015125229486519158 0.0025409655203281062 -0.0096043443949846881 0.0024429557911959925 -0.0029031000323453257 -6.1859441329082551e-05 0.0073247439223661625 0.0019345194606316017 0.0082194801739734012 0.0027016381339980428 0.0073277740290275733 -0.0012308538646902244 -0.00040586272023929729 0.0066006049644684803 0.0036984183612217432 -0.0019154477945566063 -0.0032229416400700746 -0.0050679364745159399 -0.0020291734544714019 -0.0081852213584697568 -0.0069279609153733122 -0.0057770791731374246 -0.0057277562552077348 -0.0092964425722283969 -0.0092405885750168736 -0.0086580450579288714 -0.0074973919534621824 -0.0066094799684272921 -0.0079298874870111242
leaf_weight=2.5698396116495257 3.5668864622712197 6.3949906453490248 7.4808890298008945 1.9147760421037689 6.4750805795192745 2.5907063987106067 2.9925785884261122 3.3500784114003173 4.453207712620495 11.970785111188887 4.6462748497724515 11.705609276890756 1.7602475434541691 3.1926236376166335 4.4812393933534622 5.2850420605391255 3.5675442442297935 3.1842234414070836 3.3299969919025898 1.8345990926027296 2.7948621157556772 2.2994760572910309 1.9479656927287567 2.4965609349310389 4.4614948928356162 3.9519141688942909 1.959769304841757 2.8597663417458534 1.6166068390011785 3.9138942882418633
leaf_count=29 35 38 32 22 33 31 21 15 27 24 36 38 16 25 14 30 27 27 37 17 34 27 26 27 65 45 23 35 20 49
internal_value=0 -0.00425009 0.00453347 -0.00488386 -0.00355513 -0.00185166 -0.00645788 0.00214353 0.00130562 0.0061117 -0.000946261 0.00508064 -0.00726809 -0.00403915 0.00427488 0.00619884 0.000696279 -0.00620322 -0.00723939 -0.00525766 -0.00602837 -0.00479568 -0.00775414 -0.00794752 -0.00841655 -0.00802781 -0.00852394 -0.00667257 -0.00773205 -0.00847996
internal_weight=0 64.542 60.5076 58.147 31.5302 19.1873 26.6167 24.0652 20.7152 36.4423 11.7807 24.4715 23.6242 12.7123 8.93445 16.9907 8.21382 12.3429 9.15867 9.51964 7.68504 4.89018 21.8639 19.916 14.5596 10.0981 7.52829 5.35633 3.57638 5.82867
internal_count=925 647 278 609 302 167 307 154 139 124 98 100 286 134 41 68 63 135 108 109 92 58 270 244 182 117 88 62 43 71
is_linear=0
shrinkage=0.005


end of trees

feature_importances:
Column_0=44
Column_28=37
Column_5=23
Column_26=18
Column_3=14
Column_29=14
Column_31=12
Column_2=10
Column_14=6
Column_1=5
Column_12=5
Column_22=5
Column_9=4
Column_4=3
Column_19=3
Column_6=2
Column_10=2
Column_8=1
Column_21=1
Column_24=1

parameters:
[boosting: gbdt]
[objective: lambdarank]
[metric: ndcg]
[tree_learner: serial]
[device_type: cpu]
[data: ]
[valid: ]
[num_iterations: 50]
[learning_rate: 0.005]
[num_leaves: 31]
[num_threads: 8]
[deterministic: 0]
[force_col_wise: 0]
[force_row_wise: 0]
[histogram_pool_size: -1]
[max_depth: -1]
[min_data_in_leaf: 20]
[min_sum_hessian_in_leaf: 0.001]
[bagging_fraction: 1]
[pos_bagging_fraction: 1]
[neg_bagging_fraction: 1]
[bagging_freq: 0]
[bagging_seed: 14808]
[feature_fraction: 1]
[feature_fraction_bynode: 1]
[feature_fraction_seed: 7542]
[extra_trees: 0]
[extra_seed: 32649]
[early_stopping_round: 5]
[first_metric_only: 0]
[max_delta_step: 0]
[lambda_l1: 0]
[lambda_l2: 0]
[linear_lambda: 0]
[min_gain_to_split: 0]
[drop_rate: 0.1]
[max_drop: 50]
[skip_drop: 0.5]
[xgboost_dart_mode: 0]
[uniform_drop: 0]
[drop_seed: 21034]
[top_rate: 0.2]
[other_rate: 0.1]
[min_data_per_group: 100]
[max_cat_threshold: 32]
[cat_l2: 10]
[cat_smooth: 10]
[max_cat_to_onehot: 4]
[top_k: 20]
[monotone_constraints: ]
[monotone_constraints_method: basic]
[monotone_penalty: 0]
[feature_contri: ]
[forcedsplits_filename: ]
[refit_decay_rate: 0.9]
[cegb_tradeoff: 1]
[cegb_penalty_split: 0]
[cegb_penalty_feature_lazy: ]
[cegb_penalty_feature_coupled: ]
[path_smooth: 0]
[interaction_constraints: ]
[verbosity: 1]
[saved_feature_importance_type: 0]
[linear_tree: 0]
[max_bin: 255]
[max_bin_by_feature: ]
[min_data_in_bin: 3]
[bin_construct_sample_cnt: 200000]
[data_random_seed: 110]
[is_enable_sparse: 1]
[enable_bundle: 1]
[use_missing: 1]
[zero_as_missing: 0]
[feature_pre_filter: 1]
[pre_partition: 0]
[two_round: 0]
[header: 0]
[label_column: ]
[weight_column: ]
[group_column: ]
[ignore_column: ]
[categorical_feature: ]
[forcedbins_filename: ]
[precise_float_parser: 0]
[parser_config_file: ]
[objective_seed: 6399]
[num_class: 1]
[is_unbalance: 0]
[scale_pos_weight: 1]
[sigmoid: 1]
[boost_from_average: 1]
[reg_sqrt: 0]
[alpha: 0.9]
[fair_c: 1]
[poisson_max_delta_step: 0.7]
[tweedie_variance_power: 1.5]
[lambdarank_truncation_level: 30]
[lambdarank_norm: 1]
[label_gain: ]
[lambdarank_position_bias_regularization: 0]
[eval_at: 20,50]
[multi_error_top_k: 1]
[auc_mu_weights: ]
[num_machines: 1]
[local_listen_port: 12400]
[time_out: 120]
[machine_list_filename: ]
[machines: ]
[gpu_platform_id: -1]
[gpu_device_id: -1]
[gpu_use_dp: 0]
[num_gpu: 1]

end of parameters

pandas_categorical:null
